fx: -162
fy: 10708
fz: 7566
mx: 629
my: 692
mz: 1301
