fx: -3555
fy: 555
fz: 5107
mx: 165
my: 974
mz: 1570
