fx: -3676
fy: 593
fz: 5101
mx: 184
my: 979
mz: 1582
