fx: -3926
fy: 849
fz: 7698
mx: 271
my: 790
mz: 1554
