fx: -4917
fy: 863
fz: 6222
mx: 237
my: 68
mz: 1623
