fx: -3790
fy: 1045
fz: 5839
mx: 217
my: 938
mz: 1585
