fx: -37
fy: 12
fz: 78
mx: 0
my: 0
mz: 1
