fx: -3448
fy: 8197
fz: 4892
mx: 424
my: 1036
mz: 2489
