fx: -607
fy: 11036
fz: 6482
mx: 502
my: 566
mz: 1248
