fx: -3676
fy: 478
fz: 7260
mx: 269
my: 847
mz: 1537
